1724296044 16.67 292 1752
1724297686 15.45 253 1638
1724303299 15.45 253 1638
1724310067 15.45 253 1638
1724342762 15.92 261 1639
1724342955 15.92 261 1639
1724344312 15.92 261 1639
1724346969 15.92 261 1639
1724352193 15.92 261 1639
1724396488 15.92 261 1639
1724455036 18.75 322 1717
1724474307 19.07 329 1725
1724476633 20.31 359 1768
1724483101 20.31 359 1768
1724544901 23.09 424 1836
1724550213 23.24 432 1859
1724550997 23.24 432 1859
1724551319 23.24 432 1859
1724551477 23.24 432 1859
1724569481 23.27 433 1861
1724655686 24.76 473 1910
1724742099 24.76 473 1910
1724828485 24.82 474 1910
1724914886 25.79 498 1931
1725001329 26.99 533 1975
1725087686 27.28 541 1983
1725174394 27.28 541 1983
1725260504 26.85 536 1996
1725346894 27.94 559 2001
1725433283 27.79 556 2001
1725519694 29.82 614 2059
1725606084 30.19 624 2067
1725692834 30.82 643 2086
