1716876818 86.54
1716876822 86.54
1716904488 86.54
1716905952 86.54
1716905990 86.54
1716906171 86.54
1716906235 86.54
1716906333 86.54
1716906629 86.54
1716906787 86.54
1716907183 0.00
1716907441 0.00
1716907910 0.00
1716908379 85.57
1716909018 85.57
1716909696 86.81
1716920268 84.76
1717294283 94.15
1717311812 94.15
1717380318 94.39
1717381641 96.83
1717398065 96.83
1717484462 85.76
1717570913 90.32
1717657365 87.80
1724191151 11.83
1724195435 11.83
1724195552 11.94
1724195738 0.00
1724195748 12.06
1724195820 12.06
1724195952 12.06
1724195975 12.11
1724195998 12.11
1724196018 12.11
1724196213 0.00
1724196222 12.11
1724196289 12.11
1724196352 12.17
1724196416 12.17
1724196464 12.23
1724196866 12.51
1724196936 12.49
1724196965 12.57
1724197065 12.57
1724197251 12.59
